
================================================================================
Indice CRSP giornaliero 1926-2026   26253 osservazioni, 1926-07-01 -> 2026-05-29
================================================================================

1. ESISTE STRUTTURA CONDIZIONALE?

  k  h  L   celle    oss.   Cramer V   V nullo   p perm.    chi2 p
  1  1  2       4   26251     0.0293    0.0044     0.000     0.000
  1  1  3       9   26251     0.0700    0.0082     0.000     0.000
  1  1  5      25   26251     0.0836    0.0118     0.000     0.000
  1  2  2       4   26250     0.0180    0.0045     0.000     0.004
  1  2  3       9   26250     0.0670    0.0078     0.000     0.000
  1  2  5      25   26250     0.0880    0.0123     0.000     0.000
  1  3  2       4   26249     0.0056    0.0048     0.360     0.371
  1  3  3       9   26249     0.0672    0.0083     0.000     0.000
  1  3  5      25   26249     0.0904    0.0122     0.000     0.000
  1  5  2       4   26247     0.0045    0.0044     0.420     0.470
  1  5  3       9   26247     0.0781    0.0080     0.000     0.000
  1  5  5      25   26247     0.0931    0.0123     0.000     0.000
  2  1  2       8   26250     0.0302    0.0090     0.000     0.000
  2  1  3      27   26250     0.0897    0.0168     0.000     0.000
  2  1  5     125   26250     0.1121    0.0300     0.000     0.000
  2  2  2       8   26249     0.0187    0.0101     0.030     0.027
  2  2  3      27   26249     0.0944    0.0172     0.000     0.000
  2  2  5     125   26249     0.1180    0.0302     0.000     0.000
  2  3  2       8   26248     0.0062    0.0090     0.730     0.800
  2  3  3      27   26248     0.0999    0.0170     0.000     0.000
  2  3  5     125   26248     0.1251    0.0301     0.000     0.000
  2  5  2       8   26246     0.0084    0.0093     0.540     0.603
  2  5  3      27   26246     0.1043    0.0168     0.000     0.000
  2  5  5     125   26246     0.1235    0.0303     0.000     0.000
  3  1  2      16   26249     0.0351    0.0158     0.000     0.000
  3  1  3      81   26249     0.1052    0.0312     0.000     0.000
  3  1  5     625   26249     0.1415    0.0690     0.000     0.000
  3  2  2      16   26248     0.0247    0.0146     0.010     0.025
  3  2  3      81   26248     0.1147    0.0319     0.000     0.000
  3  2  5     625   26248     0.1504    0.0687     0.000     0.000
  3  3  2      16   26247     0.0123    0.0161     0.790     0.781
  3  3  3      81   26247     0.1239    0.0311     0.000     0.000
  3  3  5     625   26247     0.1579    0.0686     0.000     0.000
  3  5  2      16   26245     0.0151    0.0154     0.520     0.544
  3  5  3      81   26245     0.1283    0.0316     0.000     0.000
  3  5  5     625   26245     0.1550    0.0685     0.000     0.000

  Combinazioni testate: 36
  Con p permutazionale < 0,05: 30   (falsi positivi attesi per solo caso: 1.8)
  Le significative: k1h1L2, k1h1L3, k1h1L5, k1h2L2, k1h2L3, k1h2L5, k1h3L3, k1h3L5, k1h5L3, k1h5L5, k2h1L2, k2h1L3, k2h1L5, k2h2L2, k2h2L3, k2h2L5, k2h3L3, k2h3L5, k2h5L3, k2h5L5, k3h1L2, k3h1L3, k3h1L5, k3h2L2, k3h2L3, k3h2L5, k3h3L3, k3h3L5, k3h5L3, k3h5L5
  Cramer V medio osservato 0.0775 contro nullo 0.0219 (rapporto 3.54x)

================================================================================
QQQ giornaliero 2006-2026   4999 osservazioni, 2006-09-08 -> 2026-07-24
================================================================================

1. ESISTE STRUTTURA CONDIZIONALE?

  k  h  L   celle    oss.   Cramer V   V nullo   p perm.    chi2 p
  1  1  2       4    4997     0.0078    0.0107     0.550     0.601
  1  1  3       9    4997     0.0899    0.0196     0.000     0.000
  1  1  5      25    4997     0.0836    0.0273     0.000     0.000
  1  2  2       4    4996     0.0040    0.0106     0.790     0.798
  1  2  3       9    4996     0.1012    0.0186     0.000     0.000
  1  2  5      25    4996     0.0962    0.0280     0.000     0.000
  1  3  2       4    4995     0.0134    0.0106     0.310     0.358
  1  3  3       9    4995     0.1005    0.0192     0.000     0.000
  1  3  5      25    4995     0.0948    0.0278     0.000     0.000
  1  5  2       4    4993     0.0026    0.0111     0.850     0.876
  1  5  3       9    4993     0.0833    0.0194     0.000     0.000
  1  5  5      25    4993     0.0895    0.0279     0.000     0.000
  2  1  2       8    4996     0.0152    0.0233     0.760     0.763
  2  1  3      27    4996     0.1109    0.0411     0.000     0.000
  2  1  5     125    4996     0.1260    0.0695     0.000     0.000
  2  2  2       8    4995     0.0134    0.0223     0.850     0.826
  2  2  3      27    4995     0.1445    0.0388     0.000     0.000
  2  2  5     125    4995     0.1438    0.0684     0.000     0.000
  2  3  2       8    4994     0.0270    0.0239     0.370     0.302
  2  3  3      27    4994     0.1400    0.0396     0.000     0.000
  2  3  5     125    4994     0.1366    0.0699     0.000     0.000
  2  5  2       8    4992     0.0109    0.0232     0.880     0.897
  2  5  3      27    4992     0.1226    0.0396     0.000     0.000
  2  5  5     125    4992     0.1326    0.0691     0.000     0.000
  3  1  2      16    4995     0.0343    0.0345     0.510     0.554
  3  1  3      81    4995     0.1344    0.0731     0.000     0.000
  3  1  5     475    4256     0.1982    0.1485     0.000     0.000
  3  2  2      16    4994     0.0337    0.0366     0.620     0.580
  3  2  3      81    4994     0.1687    0.0729     0.000     0.000
  3  2  5     475    4255     0.2082    0.1483     0.000     0.000
  3  3  2      16    4993     0.0291    0.0353     0.690     0.752
  3  3  3      81    4993     0.1587    0.0731     0.000     0.000
  3  3  5     475    4255     0.2058    0.1486     0.000     0.000
  3  5  2      16    4991     0.0205    0.0350     0.960     0.955
  3  5  3      81    4991     0.1446    0.0711     0.000     0.000
  3  5  5     475    4253     0.1965    0.1490     0.000     0.000

  Combinazioni testate: 36
  Con p permutazionale < 0,05: 24   (falsi positivi attesi per solo caso: 1.8)
  Le significative: k1h1L3, k1h1L5, k1h2L3, k1h2L5, k1h3L3, k1h3L5, k1h5L3, k1h5L5, k2h1L3, k2h1L5, k2h2L3, k2h2L5, k2h3L3, k2h3L5, k2h5L3, k2h5L5, k3h1L3, k3h1L5, k3h2L3, k3h2L5, k3h3L3, k3h3L5, k3h5L3, k3h5L5
  Cramer V medio osservato 0.0951 contro nullo 0.0496 (rapporto 1.92x)

================================================================================
BTC giornaliero 2017-2026   3211 osservazioni, 2017-10-11 -> 2026-07-26
================================================================================

1. ESISTE STRUTTURA CONDIZIONALE?

  k  h  L   celle    oss.   Cramer V   V nullo   p perm.    chi2 p
  1  1  2       4    3209     0.0215    0.0123     0.180     0.237
  1  1  3       9    3209     0.0168    0.0223     0.730     0.771
  1  1  5      25    3209     0.0502    0.0339     0.000     0.009
  1  2  2       4    3208     0.0069    0.0135     0.650     0.724
  1  2  3       9    3208     0.0382    0.0230     0.040     0.053
  1  2  5      25    3208     0.0591    0.0354     0.000     0.000
  1  3  2       4    3207     0.0165    0.0130     0.300     0.368
  1  3  3       9    3207     0.0487    0.0223     0.000     0.004
  1  3  5      25    3207     0.0629    0.0337     0.000     0.000
  1  5  2       4    3205     0.0109    0.0116     0.420     0.561
  1  5  3       9    3205     0.0435    0.0231     0.030     0.016
  1  5  5      25    3205     0.0576    0.0341     0.000     0.000
  2  1  2       8    3208     0.0222    0.0282     0.660     0.662
  2  1  3      27    3208     0.0547    0.0497     0.220     0.260
  2  1  5     125    3208     0.1108    0.0875     0.000     0.000
  2  2  2       8    3207     0.0194    0.0283     0.760     0.752
  2  2  3      27    3207     0.0802    0.0500     0.000     0.001
  2  2  5     125    3207     0.1219    0.0865     0.000     0.000
  2  3  2       8    3206     0.0241    0.0273     0.530     0.602
  2  3  3      27    3206     0.0671    0.0512     0.060     0.025
  2  3  5     125    3206     0.1079    0.0860     0.000     0.000
  2  5  2       8    3204     0.0200    0.0291     0.790     0.734
  2  5  3      27    3204     0.0703    0.0491     0.020     0.011
  2  5  5     125    3204     0.1079    0.0863     0.000     0.000
  3  1  2      16    3207     0.0295    0.0455     0.940     0.903
  3  1  3      81    3207     0.1044    0.0909     0.100     0.049
  3  1  5     195    1403     0.2099    0.1635     0.000     0.000
  3  2  2      16    3206     0.0335    0.0459     0.870     0.824
  3  2  3      81    3206     0.1104    0.0907     0.020     0.011
  3  2  5     195    1402     0.1971    0.1646     0.000     0.000
  3  3  2      16    3205     0.0275    0.0465     0.970     0.932
  3  3  3      81    3205     0.1075    0.0896     0.010     0.024
  3  3  5     195    1402     0.1824    0.1648     0.020     0.030
  3  5  2      16    3203     0.0205    0.0446     0.990     0.987
  3  5  3      81    3203     0.1156    0.0890     0.000     0.002
  3  5  5     195    1400     0.1879    0.1660     0.000     0.007

  Combinazioni testate: 36
  Con p permutazionale < 0,05: 20   (falsi positivi attesi per solo caso: 1.8)
  Le significative: k1h1L5, k1h2L3, k1h2L5, k1h3L3, k1h3L5, k1h5L3, k1h5L5, k2h1L5, k2h2L3, k2h2L5, k2h3L5, k2h5L3, k2h5L5, k3h1L5, k3h2L3, k3h2L5, k3h3L3, k3h3L5, k3h5L3, k3h5L5
  Cramer V medio osservato 0.0713 contro nullo 0.0594 (rapporto 1.20x)

================================================================================
SINTESI SU TUTTI I MERCATI
================================================================================
mercato                                  test   p<0,05   attesi    V/V0
BTC giornaliero 2017-2026                  36       20      1.8    1.20
Indice CRSP giornaliero 1926-2026          36       30      1.8    3.54
QQQ giornaliero 2006-2026                  36       24      1.8    1.92

Totale: 74 significative su 108 test, 5.4 attese per solo caso.
Tentativi cumulati a registro: 624
